Webots Project File version R2022b
perspectives: 000000ff00000000fd0000000300000000000003c900000340fc0100000001fb0000001a0044006f00630075006d0065006e0074006100740069006f006e000000000000000014000000000000000000000001000001c50000028dfc0200000001fb0000001400540065007800740045006400690074006f007201000000160000028d0000008900ffffff00000003000005cd000000b1fc0100000002fb0000001a0043006f006e0073006f006c00650041006c006c0041006c006c0100000000000005cd0000006900fffffffb0000000e0043006f006e0073006f006c00650100000000000005660000000000000000000004060000028d00000001000000020000000100000008fc00000000
simulationViewPerspectives: 000000ff000000010000000200000171000002930100000002010000000100
sceneTreePerspectives: 000000ff00000001000000030000001c00000137000000fa0100000002010000000200
maximizedDockId: -1
centralWidgetVisible: 1
orthographicViewHeight: 1
textFiles: 0 "controllers/controladorRObot4rueda/controladorRObot4rueda.c" "controllers/epuck_go_forward/epuck_go_forward.c"
globalOptionalRendering: DistanceSensorRays
consoles: Console:All:All
renderingDevicePerspectives: e-puck:camera;1;0.820513;0;0.868327
